0.15  2.1  0.34777  0.27044  0.31263  0.30252  0.32843  2.66123e-78  2.57517e-78  2.79573e-78
0.1585  2.219  0.34748  0.26678  0.31045  0.2996  0.32666  2.36769e-78  2.28494e-78  2.49132e-78
0.167  2.338  0.34664  0.26276  0.30783  0.29628  0.32441  2.11557e-78  2.03619e-78  2.22951e-78
0.1755  2.457  0.34532  0.25844  0.30482  0.29261  0.32174  1.89756e-78  1.82155e-78  2.00289e-78
0.184  2.576  0.34357  0.25387  0.30147  0.28864  0.31871  1.70794e-78  1.63525e-78  1.80561e-78
0.1925  2.695  0.34142  0.24909  0.29782  0.2844  0.31534  1.5421e-78  1.47261e-78  1.63282e-78
0.201  2.814  0.33888  0.24417  0.29391  0.27994  0.31167  1.39637e-78  1.32999e-78  1.48074e-78
0.2095  2.933  0.336  0.23912  0.28977  0.27529  0.30773  1.26771e-78  1.20436e-78  1.34628e-78
0.218  3.052  0.33279  0.23398  0.28542  0.27048  0.30354  1.15362e-78  1.09323e-78  1.22686e-78
0.2265  3.171  0.32928  0.22878  0.28088  0.26552  0.29912  1.05204e-78  9.94508e-79  1.12036e-78
0.235  3.29  0.32548  0.22355  0.27618  0.26044  0.2945  9.61304e-79  9.06517e-79  1.02507e-78
0.2435  3.409  0.32144  0.21834  0.27138  0.2553  0.28973  8.80118e-79  8.27968e-79  9.39629e-79
0.252  3.528  0.31717  0.21313  0.26645  0.25008  0.28481  8.07109e-79  7.57522e-79  8.62723e-79
0.2605  3.647  0.31268  0.20794  0.26142  0.24479  0.27973  7.41306e-79  6.94148e-79  7.93227e-79
0.269  3.766  0.30798  0.20276  0.2563  0.23945  0.27453  6.81828e-79  6.37002e-79  7.30324e-79
0.2775  3.885  0.30308  0.1976  0.25109  0.23406  0.26921  6.279e-79  5.85313e-79  6.73213e-79
0.286  4.004  0.29801  0.19247  0.2458  0.22863  0.26377  5.78886e-79  5.38449e-79  6.21208e-79
0.2945  4.123  0.29277  0.18737  0.24045  0.22316  0.25825  5.34262e-79  4.95844e-79  5.73812e-79
0.303  4.242  0.28738  0.1823  0.23505  0.21768  0.25263  4.9355e-79  4.57077e-79  5.30464e-79
0.3115  4.361  0.28186  0.17727  0.22959  0.21217  0.24695  4.56299e-79  4.21677e-79  4.90801e-79
0.32  4.48  0.27618  0.17226  0.22407  0.20663  0.24117  4.22136e-79  3.8928e-79  4.54351e-79
0.3285  4.599  0.27038  0.16728  0.21851  0.20107  0.23532  3.90773e-79  3.59585e-79  4.20836e-79
0.337  4.718  0.26446  0.16233  0.21291  0.19551  0.22942  3.61923e-79  3.32345e-79  3.89989e-79
0.3455  4.837  0.25845  0.15743  0.20729  0.18995  0.22348  3.35366e-79  3.07312e-79  3.61559e-79
0.354  4.956  0.25235  0.15256  0.20165  0.1844  0.2175  3.10874e-79  2.8428e-79  3.35309e-79
0.3625  5.075  0.24618  0.14774  0.196  0.17886  0.2115  2.88263e-79  2.63054e-79  3.11059e-79
0.371  5.194  0.23994  0.14296  0.19035  0.17334  0.20548  2.67368e-79  2.43475e-79  2.8862e-79
0.3795  5.313  0.23364  0.13823  0.1847  0.16784  0.19945  2.48029e-79  2.25389e-79  2.67837e-79
0.388  5.432  0.22731  0.13354  0.17905  0.16237  0.19343  2.30105e-79  2.08669e-79  2.48586e-79
0.3965  5.551  0.22094  0.1289  0.17343  0.15695  0.18742  2.13506e-79  1.93217e-79  2.30728e-79
0.405  5.67  0.21455  0.12431  0.16783  0.15156  0.18142  1.98101e-79  1.78896e-79  2.14142e-79
0.4135  5.789  0.20816  0.11979  0.16227  0.14623  0.17546  1.8381e-79  1.65641e-79  1.98751e-79
0.422  5.908  0.20176  0.11531  0.15674  0.14095  0.16954  1.70527e-79  1.53348e-79  1.84453e-79
0.4305  6.027  0.19538  0.1109  0.15126  0.13574  0.16366  1.58187e-79  1.41956e-79  1.71155e-79
0.439  6.146  0.18902  0.10656  0.14584  0.13059  0.15783  1.46722e-79  1.3138e-79  1.58785e-79
0.4475  6.265  0.18269  0.10228  0.14048  0.12552  0.15207  1.36061e-79  1.21571e-79  1.47286e-79
0.456  6.384  0.17641  0.09808  0.13518  0.12053  0.14638  1.26137e-79  1.12467e-79  1.36588e-79
0.4645  6.503  0.17017  0.093952  0.12995  0.11562  0.14076  1.16901e-79  1.0401e-79  1.26626e-79
0.473  6.622  0.16399  0.089903  0.12481  0.1108  0.13523  1.08317e-79  9.61584e-80  1.1736e-79
0.4815  6.741  0.15788  0.085937  0.11975  0.10608  0.12979  1.00325e-79  8.88722e-80  1.08736e-79
0.49  6.86  0.15184  0.082056  0.11477  0.10145  0.12444  9.28787e-80  8.20994e-80  1.00704e-79
0.4985  6.979  0.14589  0.078263  0.1099  0.096932  0.11919  8.59612e-80  7.58179e-80  9.32276e-80
0.507  7.098  0.14002  0.074563  0.10512  0.092516  0.11405  7.95169e-80  6.99827e-80  8.62719e-80
0.5155  7.217  0.13425  0.070958  0.10044  0.08821  0.10902  7.35181e-80  6.45662e-80  7.97983e-80
0.524  7.336  0.12858  0.06745  0.095877  0.084016  0.1041  6.79441e-80  5.95387e-80  7.37713e-80
0.5325  7.455  0.12302  0.064041  0.09142  0.079938  0.099305  6.27562e-80  5.48742e-80  6.81689e-80
0.541  7.574  0.11757  0.060733  0.087078  0.075977  0.094629  5.79326e-80  5.05472e-80  6.29562e-80
0.5495  7.693  0.11224  0.057529  0.082851  0.072135  0.090077  5.34473e-80  4.65344e-80  5.81088e-80
0.558  7.812  0.10703  0.054428  0.078744  0.068413  0.085652  4.92796e-80  4.28143e-80  5.36028e-80
0.5665  7.931  0.10194  0.051433  0.074756  0.064812  0.081355  4.54066e-80  3.93667e-80  4.94148e-80
0.575  8.05  0.096978  0.048545  0.07089  0.061333  0.077188  4.18097e-80  3.61731e-80  4.55241e-80
0.5835  8.169  0.092147  0.045762  0.067147  0.057976  0.073153  3.84704e-80  3.32161e-80  4.19114e-80
0.592  8.288  0.087449  0.043086  0.063528  0.054741  0.069249  3.53719e-80  3.04793e-80  3.85573e-80
0.6005  8.407  0.082884  0.040514  0.060031  0.051626  0.065475  3.24968e-80  2.79469e-80  3.54438e-80
0.609  8.526  0.078454  0.038048  0.056657  0.048632  0.061834  2.98307e-80  2.56054e-80  3.25565e-80
0.6175  8.645  0.074161  0.035686  0.053406  0.045757  0.058324  2.73599e-80  2.34414e-80  2.98794e-80
0.626  8.764  0.070004  0.033428  0.050279  0.043001  0.054945  2.50721e-80  2.14429e-80  2.73989e-80
0.6345  8.883  0.065987  0.031271  0.047272  0.040361  0.051696  2.29535e-80  1.95977e-80  2.51016e-80
0.643  9.002  0.062107  0.029214  0.044387  0.037836  0.048575  2.0994e-80  1.78955e-80  2.29748e-80
0.6515  9.121  0.058366  0.027255  0.04162  0.035423  0.045583  1.91818e-80  1.63257e-80  2.10082e-80
0.66  9.24  0.054763  0.025393  0.038971  0.033122  0.042716  1.75075e-80  1.48798e-80  1.91899e-80
0.6685  9.359  0.051297  0.023624  0.036438  0.030929  0.039973  1.59615e-80  1.35483e-80  1.751e-80
0.677  9.478  0.047967  0.021947  0.034019  0.028842  0.037352  1.45352e-80  1.23232e-80  1.59593e-80
0.6855  9.597  0.044772  0.020358  0.031711  0.026858  0.034851  1.32198e-80  1.11967e-80  1.45288e-80
0.694  9.716  0.041712  0.018855  0.029513  0.024974  0.032468  1.20082e-80  1.01614e-80  1.32106e-80
0.7025  9.835  0.038784  0.017435  0.027421  0.023189  0.030199  1.08925e-80  9.21144e-81  1.1996e-80
0.711  9.954  0.035986  0.016095  0.025434  0.021498  0.028043  9.8666e-81  8.33971e-81  1.08787e-80
0.7195  10.073  0.033318  0.014832  0.023549  0.0199  0.025998  8.92393e-81  7.54114e-81  9.85199e-81
0.728  10.192  0.030778  0.013644  0.021763  0.01839  0.024059  8.05851e-81  6.80954e-81  8.90869e-81
0.7365  10.311  0.028363  0.012526  0.020074  0.016967  0.022224  7.26509e-81  6.14062e-81  8.04321e-81
0.745  10.43  0.02607  0.011477  0.018478  0.015627  0.020492  6.53805e-81  5.52928e-81  7.25066e-81
0.7535  10.549  0.023899  0.010494  0.016974  0.014367  0.018857  5.87323e-81  4.97117e-81  6.52477e-81
0.762  10.668  0.021847  0.0095723  0.015557  0.013184  0.017318  5.26536e-81  4.46221e-81  5.86139e-81
0.7705  10.787  0.01991  0.0087105  0.014226  0.012075  0.015872  4.71089e-81  3.9986e-81  5.25596e-81
0.779  10.906  0.018087  0.0079055  0.012977  0.011038  0.014515  4.20551e-81  3.57713e-81  4.70393e-81
0.7875  11.025  0.016375  0.0071547  0.011808  0.010068  0.013245  3.74582e-81  3.19385e-81  4.20168e-81
0.796  11.144  0.014771  0.0064555  0.010716  0.0091646  0.012058  3.32837e-81  2.84651e-81  3.74519e-81
0.8045  11.263  0.013273  0.0058053  0.0096978  0.0083235  0.010951  2.94985e-81  2.53182e-81  3.33104e-81
0.813  11.382  0.011877  0.0052018  0.0087507  0.0075422  0.0099207  2.60731e-81  2.24723e-81  2.95592e-81
0.8215  11.501  0.01058  0.0046428  0.0078718  0.0068179  0.0089645  2.29796e-81  1.9903e-81  2.61695e-81
0.83  11.62  0.0093805  0.004126  0.0070585  0.0061479  0.0080791  2.01926e-81  1.75876e-81  2.31123e-81
0.8385  11.739  0.0082745  0.0036496  0.0063079  0.0055295  0.0072612  1.76876e-81  1.55049e-81  2.03607e-81
0.847  11.858  0.0072593  0.0032115  0.0056171  0.0049601  0.0065076  1.54414e-81  1.36353e-81  1.78894e-81
0.8555  11.977  0.0063307  0.0028097  0.0049831  0.004437  0.0058149  1.34324e-81  1.19604e-81  1.56746e-81
0.864  12.096  0.0054848  0.0024424  0.0044035  0.0039577  0.0051804  1.16418e-81  1.04632e-81  1.36957e-81
0.8725  12.215  0.0047173  0.0021078  0.0038755  0.00352  0.0046008  1.00507e-81  9.12877e-82  1.19317e-81
0.881  12.334  0.0040252  0.0018043  0.0033962  0.0031214  0.0040732  8.64161e-82  7.94238e-82  1.03642e-81
0.8895  12.453  0.0034064  0.0015308  0.0029631  0.0027594  0.0035944  7.39878e-82  6.89014e-82  8.97512e-82
0.898  12.572  0.0028584  0.001286  0.0025734  0.0024317  0.0031614  6.30685e-82  5.95957e-82  7.74791e-82
0.9065  12.691  0.0023773  0.0010685  0.0022241  0.0021361  0.0027711  5.35093e-82  5.13921e-82  6.66695e-82
0.915  12.81  0.0019586  0.00087656  0.0019126  0.0018704  0.0024207  4.51798e-82  4.4183e-82  5.71823e-82
0.9235  12.929  0.0015957  0.00070831  0.0016361  0.0016324  0.0021072  3.79534e-82  3.78676e-82  4.88818e-82
0.932  13.048  0.0012829  0.00056196  0.0013918  0.00142  0.0018278  3.17112e-82  3.23537e-82  4.16451e-82
0.9405  13.167  0.0010155  0.00043601  0.0011771  0.0012312  0.0015799  2.6346e-82  2.75569e-82  3.53616e-82
0.949  13.286  0.00078927  0.00032916  0.00098954  0.0010642  0.0013609  2.17607e-82  2.34025e-82  2.99271e-82
0.9575  13.405  0.0006006  0.00024021  0.00082678  0.00091694  0.0011682  1.78664e-82  1.98147e-82  2.52443e-82
0.966  13.524  0.00044595  0.00016803  0.00068657  0.00078777  0.00099952  1.45816e-82  1.6731e-82  2.12282e-82
0.9745  13.643  0.00032176  0.00011151  0.00056695  0.00067497  0.00085254  1.18361e-82  1.40912e-82  1.77983e-82
0.983  13.762  0.00022434  6.9485e-05  0.00046609  0.00057688  0.00072514  9.56626e-83  1.18402e-82  1.48831e-82
0.9915  13.881  0.00014995  4.0761e-05  0.00038201  0.00049196  0.0006152  7.7094e-83  9.92832e-83  1.24154e-82
1  14  9.4869e-05  2.3873e-05  0.00031275  0.00041879  0.00052083  6.20698e-83  8.3115e-83  1.03366e-82
1  14  9.4869e-05  2.3873e-05  0.00031275  0.00041879  0.00052083  6.20698e-83  8.3115e-83  1.03366e-82
